1915-1919 0 0 0 0 0 0 0 0 0 0 0 0
1920-1924 0 0 0 0 0 0 0 0 0 0 0 0
1925-1929 2 0 0 0 0 0 0 0 0 0 0 2 1.00
1930-1934 22 2 0 0 0 0 0 0 0 0 0 23 1.08
1935-1939 144 39 3 0 0 0 0 0 0 0 0 187 1.30
1940-1944 1028 535 148 14 0 0 0 0 0 0 0 1725 1.68
1945-1949 1246 736 367 82 5 0 0 0 0 0 0 2435 1.95
1950-1954 1943 1322 774 376 96 7 0 0 0 0 0 4518 2.33
1955-1959 1893 1720 1184 698 345 80 5 0 0 0 0 5924 3.13
1960-1964 1557 1744 1597 1140 698 405 90 5 0 0 0 7236 4.65
1965-1969 1366 1383 1491 1328 903 555 266 53 3 0 0 7347 5.38
1970-1974 769 851 828 877 815 568 387 202 53 3 0 5354 6.96
1975-1979 359 626 605 622 559 504 402 220 122 11 1 4032 11.25
1980-1984 58 174 259 224 209 175 212 115 74 23 8 1529 26.35