1915-1919 0 0 0 0 0 0 0 0 0 0 0 0
1920-1924 0 0 0 0 0 0 0 0 0 0 0 0
1925-1929 5 0 0 0 0 0 0 0 0 0 0 5 1.00
1930-1934 50 5 0 0 0 0 0 0 0 0 0 55 1.10
1935-1939 342 92 9 0 0 0 0 0 0 0 0 442 1.29
1940-1944 2563 1371 357 41 0 0 0 0 0 0 0 4332 1.69
1945-1949 2738 1847 910 212 15 0 0 0 0 0 0 5720 2.09
1950-1954 3966 2945 1966 946 244 21 0 0 0 0 0 10088 2.54
1955-1959 3769 3492 2629 1795 916 222 14 0 0 0 0 12838 3.41
1960-1964 3138 3478 3265 2509 1737 986 232 15 0 0 0 15361 4.89
1965-1969 2647 2847 3057 2798 2097 1468 761 148 10 0 0 15831 5.98
1970-1974 1452 1700 1780 1857 1760 1331 1027 533 127 8 0 11575 7.97
1975-1979 671 1133 1199 1286 1220 1153 932 598 307 46 7 8551 12.75
1980-1984 122 315 480 469 443 417 438 280 203 78 19 3265 26.66