1915-1919 0 0 0 0 0 0 0 0 0 0 0 0
1920-1924 0 0 0 0 0 0 0 0 0 0 0 0
1925-1929 1 0 0 0 0 0 0 0 0 0 0 1 1.00
1930-1934 5 1 0 0 0 0 0 0 0 0 0 6 1.16
1935-1939 44 9 1 0 0 0 0 0 0 0 0 54 1.24
1940-1944 328 188 36 7 0 0 0 0 0 0 0 559 1.70
1945-1949 343 244 114 21 2 0 0 0 0 0 0 724 2.11
1950-1954 498 370 260 111 28 2 0 0 0 0 0 1270 2.55
1955-1959 445 420 332 218 110 22 2 0 0 0 0 1549 3.48
1960-1964 399 409 407 314 209 118 23 2 0 0 0 1881 4.71
1965-1969 366 363 356 336 275 184 107 12 1 0 0 2001 5.47
1970-1974 215 226 225 203 228 178 136 68 7 1 0 1487 6.91
1975-1979 91 174 157 155 129 151 110 67 30 5 0 1069 11.70
1980-1984 11 47 92 67 50 42 57 34 16 8 0 424 38.35