1915-1919 0 0 0 0 0 0 0 0 0 0 0 0
1920-1924 0 0 0 0 0 0 0 0 0 0 0 0
1925-1929 9 0 0 0 0 0 0 0 0 0 0 9 1.00
1930-1934 92 6 0 0 0 0 0 0 0 0 0 99 1.07
1935-1939 710 138 10 0 0 0 0 0 0 0 0 858 1.21
1940-1944 5693 2259 426 33 0 0 0 0 0 0 0 8411 1.48
1945-1949 7509 3425 1281 220 9 0 0 0 0 0 0 12445 1.66
1950-1954 12697 6605 2985 1047 198 15 0 0 0 0 0 23548 1.85
1955-1959 14505 9052 4968 2447 1000 184 7 0 0 0 0 32163 2.22
1960-1964 16556 11242 7283 4224 2070 1014 166 7 0 0 0 42562 2.57
1965-1969 20590 11180 7536 5060 3190 1723 723 111 3 0 0 50116 2.43
1970-1974 17283 9780 5688 4223 3067 1911 1287 562 77 3 0 43881 2.54
1975-1979 11077 11070 5900 3618 2323 1856 1239 582 207 27 5 37904 3.42
1980-1984 1971 3362 4043 2149 1309 970 987 409 211 70 16 15497 7.86